{
 "cells": [
  {
   "cell_type": "code",
   "execution_count": 25,
   "id": "193c96bb",
   "metadata": {},
   "outputs": [],
   "source": [
    "import numpy as np\n",
    "import pandas as pd\n",
    "import seaborn as sns\n",
    "import matplotlib.pyplot as plt"
   ]
  },
  {
   "cell_type": "code",
   "execution_count": 26,
   "id": "57380b7f",
   "metadata": {},
   "outputs": [],
   "source": [
    "data1 = pd.read_csv(\"boston_1978.csv\")"
   ]
  },
  {
   "cell_type": "code",
   "execution_count": 27,
   "id": "197dbdf8",
   "metadata": {},
   "outputs": [
    {
     "data": {
      "text/html": [
       "<div>\n",
       "<style scoped>\n",
       "    .dataframe tbody tr th:only-of-type {\n",
       "        vertical-align: middle;\n",
       "    }\n",
       "\n",
       "    .dataframe tbody tr th {\n",
       "        vertical-align: top;\n",
       "    }\n",
       "\n",
       "    .dataframe thead th {\n",
       "        text-align: right;\n",
       "    }\n",
       "</style>\n",
       "<table border=\"1\" class=\"dataframe\">\n",
       "  <thead>\n",
       "    <tr style=\"text-align: right;\">\n",
       "      <th></th>\n",
       "      <th>TRACT</th>\n",
       "      <th>LON</th>\n",
       "      <th>LAT</th>\n",
       "      <th>MEDV</th>\n",
       "      <th>CRIM</th>\n",
       "      <th>ZN</th>\n",
       "      <th>INDUS</th>\n",
       "      <th>CHAS</th>\n",
       "      <th>NOX</th>\n",
       "      <th>RM</th>\n",
       "      <th>AGE</th>\n",
       "      <th>DIS</th>\n",
       "      <th>RAD</th>\n",
       "      <th>TAX</th>\n",
       "      <th>PTRATIO</th>\n",
       "    </tr>\n",
       "  </thead>\n",
       "  <tbody>\n",
       "    <tr>\n",
       "      <th>TRACT</th>\n",
       "      <td>1.000000</td>\n",
       "      <td>-0.220890</td>\n",
       "      <td>-0.225543</td>\n",
       "      <td>0.428252</td>\n",
       "      <td>-0.547165</td>\n",
       "      <td>0.367292</td>\n",
       "      <td>-0.575705</td>\n",
       "      <td>0.041356</td>\n",
       "      <td>-0.569807</td>\n",
       "      <td>0.305207</td>\n",
       "      <td>-0.487465</td>\n",
       "      <td>0.496841</td>\n",
       "      <td>-0.828829</td>\n",
       "      <td>-0.793602</td>\n",
       "      <td>-0.532678</td>\n",
       "    </tr>\n",
       "    <tr>\n",
       "      <th>LON</th>\n",
       "      <td>-0.220890</td>\n",
       "      <td>1.000000</td>\n",
       "      <td>0.143054</td>\n",
       "      <td>-0.322947</td>\n",
       "      <td>0.065101</td>\n",
       "      <td>-0.218081</td>\n",
       "      <td>0.062702</td>\n",
       "      <td>-0.175619</td>\n",
       "      <td>0.160871</td>\n",
       "      <td>-0.257110</td>\n",
       "      <td>0.204739</td>\n",
       "      <td>-0.011243</td>\n",
       "      <td>0.034067</td>\n",
       "      <td>0.050663</td>\n",
       "      <td>0.312602</td>\n",
       "    </tr>\n",
       "    <tr>\n",
       "      <th>LAT</th>\n",
       "      <td>-0.225543</td>\n",
       "      <td>0.143054</td>\n",
       "      <td>1.000000</td>\n",
       "      <td>0.006826</td>\n",
       "      <td>-0.084293</td>\n",
       "      <td>-0.129667</td>\n",
       "      <td>-0.041093</td>\n",
       "      <td>-0.044726</td>\n",
       "      <td>-0.068600</td>\n",
       "      <td>-0.069317</td>\n",
       "      <td>0.079035</td>\n",
       "      <td>-0.082981</td>\n",
       "      <td>-0.207013</td>\n",
       "      <td>-0.167718</td>\n",
       "      <td>-0.004527</td>\n",
       "    </tr>\n",
       "    <tr>\n",
       "      <th>MEDV</th>\n",
       "      <td>0.428252</td>\n",
       "      <td>-0.322947</td>\n",
       "      <td>0.006826</td>\n",
       "      <td>1.000000</td>\n",
       "      <td>-0.389582</td>\n",
       "      <td>0.360386</td>\n",
       "      <td>-0.484754</td>\n",
       "      <td>0.175663</td>\n",
       "      <td>-0.429300</td>\n",
       "      <td>0.696304</td>\n",
       "      <td>-0.377999</td>\n",
       "      <td>0.249315</td>\n",
       "      <td>-0.384766</td>\n",
       "      <td>-0.471979</td>\n",
       "      <td>-0.505655</td>\n",
       "    </tr>\n",
       "    <tr>\n",
       "      <th>CRIM</th>\n",
       "      <td>-0.547165</td>\n",
       "      <td>0.065101</td>\n",
       "      <td>-0.084293</td>\n",
       "      <td>-0.389582</td>\n",
       "      <td>1.000000</td>\n",
       "      <td>-0.200469</td>\n",
       "      <td>0.406583</td>\n",
       "      <td>-0.055892</td>\n",
       "      <td>0.420972</td>\n",
       "      <td>-0.219247</td>\n",
       "      <td>0.352734</td>\n",
       "      <td>-0.379670</td>\n",
       "      <td>0.625505</td>\n",
       "      <td>0.582764</td>\n",
       "      <td>0.289946</td>\n",
       "    </tr>\n",
       "    <tr>\n",
       "      <th>ZN</th>\n",
       "      <td>0.367292</td>\n",
       "      <td>-0.218081</td>\n",
       "      <td>-0.129667</td>\n",
       "      <td>0.360386</td>\n",
       "      <td>-0.200469</td>\n",
       "      <td>1.000000</td>\n",
       "      <td>-0.533828</td>\n",
       "      <td>-0.042697</td>\n",
       "      <td>-0.516604</td>\n",
       "      <td>0.311991</td>\n",
       "      <td>-0.569537</td>\n",
       "      <td>0.664408</td>\n",
       "      <td>-0.311948</td>\n",
       "      <td>-0.314563</td>\n",
       "      <td>-0.391679</td>\n",
       "    </tr>\n",
       "    <tr>\n",
       "      <th>INDUS</th>\n",
       "      <td>-0.575705</td>\n",
       "      <td>0.062702</td>\n",
       "      <td>-0.041093</td>\n",
       "      <td>-0.484754</td>\n",
       "      <td>0.406583</td>\n",
       "      <td>-0.533828</td>\n",
       "      <td>1.000000</td>\n",
       "      <td>0.062938</td>\n",
       "      <td>0.763651</td>\n",
       "      <td>-0.391676</td>\n",
       "      <td>0.644779</td>\n",
       "      <td>-0.708027</td>\n",
       "      <td>0.595129</td>\n",
       "      <td>0.720760</td>\n",
       "      <td>0.383248</td>\n",
       "    </tr>\n",
       "    <tr>\n",
       "      <th>CHAS</th>\n",
       "      <td>0.041356</td>\n",
       "      <td>-0.175619</td>\n",
       "      <td>-0.044726</td>\n",
       "      <td>0.175663</td>\n",
       "      <td>-0.055892</td>\n",
       "      <td>-0.042697</td>\n",
       "      <td>0.062938</td>\n",
       "      <td>1.000000</td>\n",
       "      <td>0.091203</td>\n",
       "      <td>0.091251</td>\n",
       "      <td>0.086518</td>\n",
       "      <td>-0.099176</td>\n",
       "      <td>-0.007368</td>\n",
       "      <td>-0.035587</td>\n",
       "      <td>-0.121515</td>\n",
       "    </tr>\n",
       "    <tr>\n",
       "      <th>NOX</th>\n",
       "      <td>-0.569807</td>\n",
       "      <td>0.160871</td>\n",
       "      <td>-0.068600</td>\n",
       "      <td>-0.429300</td>\n",
       "      <td>0.420972</td>\n",
       "      <td>-0.516604</td>\n",
       "      <td>0.763651</td>\n",
       "      <td>0.091203</td>\n",
       "      <td>1.000000</td>\n",
       "      <td>-0.302188</td>\n",
       "      <td>0.731470</td>\n",
       "      <td>-0.769230</td>\n",
       "      <td>0.611441</td>\n",
       "      <td>0.668023</td>\n",
       "      <td>0.188933</td>\n",
       "    </tr>\n",
       "    <tr>\n",
       "      <th>RM</th>\n",
       "      <td>0.305207</td>\n",
       "      <td>-0.257110</td>\n",
       "      <td>-0.069317</td>\n",
       "      <td>0.696304</td>\n",
       "      <td>-0.219247</td>\n",
       "      <td>0.311991</td>\n",
       "      <td>-0.391676</td>\n",
       "      <td>0.091251</td>\n",
       "      <td>-0.302188</td>\n",
       "      <td>1.000000</td>\n",
       "      <td>-0.240265</td>\n",
       "      <td>0.205246</td>\n",
       "      <td>-0.209847</td>\n",
       "      <td>-0.292048</td>\n",
       "      <td>-0.355501</td>\n",
       "    </tr>\n",
       "    <tr>\n",
       "      <th>AGE</th>\n",
       "      <td>-0.487465</td>\n",
       "      <td>0.204739</td>\n",
       "      <td>0.079035</td>\n",
       "      <td>-0.377999</td>\n",
       "      <td>0.352734</td>\n",
       "      <td>-0.569537</td>\n",
       "      <td>0.644779</td>\n",
       "      <td>0.086518</td>\n",
       "      <td>0.731470</td>\n",
       "      <td>-0.240265</td>\n",
       "      <td>1.000000</td>\n",
       "      <td>-0.747881</td>\n",
       "      <td>0.456022</td>\n",
       "      <td>0.506456</td>\n",
       "      <td>0.261515</td>\n",
       "    </tr>\n",
       "    <tr>\n",
       "      <th>DIS</th>\n",
       "      <td>0.496841</td>\n",
       "      <td>-0.011243</td>\n",
       "      <td>-0.082981</td>\n",
       "      <td>0.249315</td>\n",
       "      <td>-0.379670</td>\n",
       "      <td>0.664408</td>\n",
       "      <td>-0.708027</td>\n",
       "      <td>-0.099176</td>\n",
       "      <td>-0.769230</td>\n",
       "      <td>0.205246</td>\n",
       "      <td>-0.747881</td>\n",
       "      <td>1.000000</td>\n",
       "      <td>-0.494588</td>\n",
       "      <td>-0.534432</td>\n",
       "      <td>-0.232471</td>\n",
       "    </tr>\n",
       "    <tr>\n",
       "      <th>RAD</th>\n",
       "      <td>-0.828829</td>\n",
       "      <td>0.034067</td>\n",
       "      <td>-0.207013</td>\n",
       "      <td>-0.384766</td>\n",
       "      <td>0.625505</td>\n",
       "      <td>-0.311948</td>\n",
       "      <td>0.595129</td>\n",
       "      <td>-0.007368</td>\n",
       "      <td>0.611441</td>\n",
       "      <td>-0.209847</td>\n",
       "      <td>0.456022</td>\n",
       "      <td>-0.494588</td>\n",
       "      <td>1.000000</td>\n",
       "      <td>0.910228</td>\n",
       "      <td>0.464741</td>\n",
       "    </tr>\n",
       "    <tr>\n",
       "      <th>TAX</th>\n",
       "      <td>-0.793602</td>\n",
       "      <td>0.050663</td>\n",
       "      <td>-0.167718</td>\n",
       "      <td>-0.471979</td>\n",
       "      <td>0.582764</td>\n",
       "      <td>-0.314563</td>\n",
       "      <td>0.720760</td>\n",
       "      <td>-0.035587</td>\n",
       "      <td>0.668023</td>\n",
       "      <td>-0.292048</td>\n",
       "      <td>0.506456</td>\n",
       "      <td>-0.534432</td>\n",
       "      <td>0.910228</td>\n",
       "      <td>1.000000</td>\n",
       "      <td>0.460853</td>\n",
       "    </tr>\n",
       "    <tr>\n",
       "      <th>PTRATIO</th>\n",
       "      <td>-0.532678</td>\n",
       "      <td>0.312602</td>\n",
       "      <td>-0.004527</td>\n",
       "      <td>-0.505655</td>\n",
       "      <td>0.289946</td>\n",
       "      <td>-0.391679</td>\n",
       "      <td>0.383248</td>\n",
       "      <td>-0.121515</td>\n",
       "      <td>0.188933</td>\n",
       "      <td>-0.355501</td>\n",
       "      <td>0.261515</td>\n",
       "      <td>-0.232471</td>\n",
       "      <td>0.464741</td>\n",
       "      <td>0.460853</td>\n",
       "      <td>1.000000</td>\n",
       "    </tr>\n",
       "  </tbody>\n",
       "</table>\n",
       "</div>"
      ],
      "text/plain": [
       "            TRACT       LON       LAT      MEDV      CRIM        ZN     INDUS  \\\n",
       "TRACT    1.000000 -0.220890 -0.225543  0.428252 -0.547165  0.367292 -0.575705   \n",
       "LON     -0.220890  1.000000  0.143054 -0.322947  0.065101 -0.218081  0.062702   \n",
       "LAT     -0.225543  0.143054  1.000000  0.006826 -0.084293 -0.129667 -0.041093   \n",
       "MEDV     0.428252 -0.322947  0.006826  1.000000 -0.389582  0.360386 -0.484754   \n",
       "CRIM    -0.547165  0.065101 -0.084293 -0.389582  1.000000 -0.200469  0.406583   \n",
       "ZN       0.367292 -0.218081 -0.129667  0.360386 -0.200469  1.000000 -0.533828   \n",
       "INDUS   -0.575705  0.062702 -0.041093 -0.484754  0.406583 -0.533828  1.000000   \n",
       "CHAS     0.041356 -0.175619 -0.044726  0.175663 -0.055892 -0.042697  0.062938   \n",
       "NOX     -0.569807  0.160871 -0.068600 -0.429300  0.420972 -0.516604  0.763651   \n",
       "RM       0.305207 -0.257110 -0.069317  0.696304 -0.219247  0.311991 -0.391676   \n",
       "AGE     -0.487465  0.204739  0.079035 -0.377999  0.352734 -0.569537  0.644779   \n",
       "DIS      0.496841 -0.011243 -0.082981  0.249315 -0.379670  0.664408 -0.708027   \n",
       "RAD     -0.828829  0.034067 -0.207013 -0.384766  0.625505 -0.311948  0.595129   \n",
       "TAX     -0.793602  0.050663 -0.167718 -0.471979  0.582764 -0.314563  0.720760   \n",
       "PTRATIO -0.532678  0.312602 -0.004527 -0.505655  0.289946 -0.391679  0.383248   \n",
       "\n",
       "             CHAS       NOX        RM       AGE       DIS       RAD       TAX  \\\n",
       "TRACT    0.041356 -0.569807  0.305207 -0.487465  0.496841 -0.828829 -0.793602   \n",
       "LON     -0.175619  0.160871 -0.257110  0.204739 -0.011243  0.034067  0.050663   \n",
       "LAT     -0.044726 -0.068600 -0.069317  0.079035 -0.082981 -0.207013 -0.167718   \n",
       "MEDV     0.175663 -0.429300  0.696304 -0.377999  0.249315 -0.384766 -0.471979   \n",
       "CRIM    -0.055892  0.420972 -0.219247  0.352734 -0.379670  0.625505  0.582764   \n",
       "ZN      -0.042697 -0.516604  0.311991 -0.569537  0.664408 -0.311948 -0.314563   \n",
       "INDUS    0.062938  0.763651 -0.391676  0.644779 -0.708027  0.595129  0.720760   \n",
       "CHAS     1.000000  0.091203  0.091251  0.086518 -0.099176 -0.007368 -0.035587   \n",
       "NOX      0.091203  1.000000 -0.302188  0.731470 -0.769230  0.611441  0.668023   \n",
       "RM       0.091251 -0.302188  1.000000 -0.240265  0.205246 -0.209847 -0.292048   \n",
       "AGE      0.086518  0.731470 -0.240265  1.000000 -0.747881  0.456022  0.506456   \n",
       "DIS     -0.099176 -0.769230  0.205246 -0.747881  1.000000 -0.494588 -0.534432   \n",
       "RAD     -0.007368  0.611441 -0.209847  0.456022 -0.494588  1.000000  0.910228   \n",
       "TAX     -0.035587  0.668023 -0.292048  0.506456 -0.534432  0.910228  1.000000   \n",
       "PTRATIO -0.121515  0.188933 -0.355501  0.261515 -0.232471  0.464741  0.460853   \n",
       "\n",
       "          PTRATIO  \n",
       "TRACT   -0.532678  \n",
       "LON      0.312602  \n",
       "LAT     -0.004527  \n",
       "MEDV    -0.505655  \n",
       "CRIM     0.289946  \n",
       "ZN      -0.391679  \n",
       "INDUS    0.383248  \n",
       "CHAS    -0.121515  \n",
       "NOX      0.188933  \n",
       "RM      -0.355501  \n",
       "AGE      0.261515  \n",
       "DIS     -0.232471  \n",
       "RAD      0.464741  \n",
       "TAX      0.460853  \n",
       "PTRATIO  1.000000  "
      ]
     },
     "execution_count": 27,
     "metadata": {},
     "output_type": "execute_result"
    }
   ],
   "source": [
    "data1.corr(method = 'pearson', numeric_only=True)"
   ]
  },
  {
   "cell_type": "code",
   "execution_count": 28,
   "id": "b56d2467",
   "metadata": {},
   "outputs": [
    {
     "data": {
      "text/plain": [
       "RAD      0.910228\n",
       "TRACT    0.793602\n",
       "INDUS    0.720760\n",
       "Name: TAX, dtype: float64"
      ]
     },
     "execution_count": 28,
     "metadata": {},
     "output_type": "execute_result"
    }
   ],
   "source": [
    "corr_matrix =data1.corr(method = 'pearson', numeric_only=True)\n",
    "tax_corr = corr_matrix['TAX']\n",
    "top_var3 = tax_corr.abs().sort_values(ascending=False)[1:4]\n",
    "top_var3"
   ]
  },
  {
   "cell_type": "code",
   "execution_count": 29,
   "id": "46fe5f9a",
   "metadata": {},
   "outputs": [],
   "source": [
    "data1_clean = data1.dropna(axis=0, how='any', inplace = False)"
   ]
  },
  {
   "cell_type": "code",
   "execution_count": 30,
   "id": "c5a2a11a",
   "metadata": {},
   "outputs": [],
   "source": [
    "import statsmodels.api as sm\n",
    "\n",
    "added_x = sm.add_constant(data1_clean[['RAD', 'TRACT', 'INDUS']])\n",
    "ols_fitted = sm.OLS(data1_clean['TAX'], added_x).fit()"
   ]
  },
  {
   "cell_type": "code",
   "execution_count": 31,
   "id": "0f249737",
   "metadata": {},
   "outputs": [
    {
     "name": "stdout",
     "output_type": "stream",
     "text": [
      "--------regression coefficients ----------\n",
      "const    221.818535\n",
      "RAD       13.638393\n",
      "TRACT     -0.006588\n",
      "INDUS      6.642069\n",
      "dtype: float64\n"
     ]
    }
   ],
   "source": [
    "reg_coef = ols_fitted.params\n",
    "print('--------regression coefficients ----------')\n",
    "print(reg_coef)"
   ]
  },
  {
   "cell_type": "code",
   "execution_count": 32,
   "id": "6df60f64",
   "metadata": {},
   "outputs": [
    {
     "name": "stdout",
     "output_type": "stream",
     "text": [
      "                            OLS Regression Results                            \n",
      "==============================================================================\n",
      "Dep. Variable:                    TAX   R-squared:                       0.879\n",
      "Model:                            OLS   Adj. R-squared:                  0.878\n",
      "Method:                 Least Squares   F-statistic:                     1216.\n",
      "Date:                Thu, 09 Nov 2023   Prob (F-statistic):          9.29e-230\n",
      "Time:                        20:41:29   Log-Likelihood:                -2777.4\n",
      "No. Observations:                 506   AIC:                             5563.\n",
      "Df Residuals:                     502   BIC:                             5580.\n",
      "Df Model:                           3                                         \n",
      "Covariance Type:            nonrobust                                         \n",
      "==============================================================================\n",
      "                 coef    std err          t      P>|t|      [0.025      0.975]\n",
      "------------------------------------------------------------------------------\n",
      "const        221.8185     15.075     14.714      0.000     192.200     251.437\n",
      "RAD           13.6384      0.556     24.538      0.000      12.546      14.730\n",
      "TRACT         -0.0066      0.003     -1.912      0.057      -0.013       0.000\n",
      "INDUS          6.6421      0.483     13.760      0.000       5.694       7.590\n",
      "==============================================================================\n",
      "Omnibus:                      108.600   Durbin-Watson:                   0.496\n",
      "Prob(Omnibus):                  0.000   Jarque-Bera (JB):              626.055\n",
      "Skew:                           0.792   Prob(JB):                    1.13e-136\n",
      "Kurtosis:                       8.214   Cond. No.                     1.75e+04\n",
      "==============================================================================\n",
      "\n",
      "Notes:\n",
      "[1] Standard Errors assume that the covariance matrix of the errors is correctly specified.\n",
      "[2] The condition number is large, 1.75e+04. This might indicate that there are\n",
      "strong multicollinearity or other numerical problems.\n"
     ]
    }
   ],
   "source": [
    "print(ols_fitted.summary())"
   ]
  },
  {
   "cell_type": "code",
   "execution_count": 33,
   "id": "65afe4b7",
   "metadata": {},
   "outputs": [
    {
     "data": {
      "text/html": [
       "<div>\n",
       "<style scoped>\n",
       "    .dataframe tbody tr th:only-of-type {\n",
       "        vertical-align: middle;\n",
       "    }\n",
       "\n",
       "    .dataframe tbody tr th {\n",
       "        vertical-align: top;\n",
       "    }\n",
       "\n",
       "    .dataframe thead th {\n",
       "        text-align: right;\n",
       "    }\n",
       "</style>\n",
       "<table border=\"1\" class=\"dataframe\">\n",
       "  <thead>\n",
       "    <tr style=\"text-align: right;\">\n",
       "      <th></th>\n",
       "      <th>mean</th>\n",
       "      <th>mean_se</th>\n",
       "      <th>mean_ci_lower</th>\n",
       "      <th>mean_ci_upper</th>\n",
       "      <th>obs_ci_lower</th>\n",
       "      <th>obs_ci_upper</th>\n",
       "    </tr>\n",
       "  </thead>\n",
       "  <tbody>\n",
       "    <tr>\n",
       "      <th>0</th>\n",
       "      <td>237.5507</td>\n",
       "      <td>7.9492</td>\n",
       "      <td>221.9330</td>\n",
       "      <td>253.1684</td>\n",
       "      <td>120.9931</td>\n",
       "      <td>354.1083</td>\n",
       "    </tr>\n",
       "    <tr>\n",
       "      <th>1</th>\n",
       "      <td>282.7395</td>\n",
       "      <td>6.7639</td>\n",
       "      <td>269.4503</td>\n",
       "      <td>296.0286</td>\n",
       "      <td>166.4710</td>\n",
       "      <td>399.0079</td>\n",
       "    </tr>\n",
       "    <tr>\n",
       "      <th>2</th>\n",
       "      <td>282.7329</td>\n",
       "      <td>6.7610</td>\n",
       "      <td>269.4496</td>\n",
       "      <td>296.0162</td>\n",
       "      <td>166.4650</td>\n",
       "      <td>399.0007</td>\n",
       "    </tr>\n",
       "    <tr>\n",
       "      <th>3</th>\n",
       "      <td>263.8322</td>\n",
       "      <td>7.2157</td>\n",
       "      <td>249.6555</td>\n",
       "      <td>278.0090</td>\n",
       "      <td>147.4590</td>\n",
       "      <td>380.2055</td>\n",
       "    </tr>\n",
       "    <tr>\n",
       "      <th>4</th>\n",
       "      <td>263.8257</td>\n",
       "      <td>7.2129</td>\n",
       "      <td>249.6544</td>\n",
       "      <td>277.9969</td>\n",
       "      <td>147.4530</td>\n",
       "      <td>380.1983</td>\n",
       "    </tr>\n",
       "  </tbody>\n",
       "</table>\n",
       "</div>"
      ],
      "text/plain": [
       "       mean  mean_se  mean_ci_lower  mean_ci_upper  obs_ci_lower  obs_ci_upper\n",
       "0  237.5507   7.9492       221.9330       253.1684      120.9931      354.1083\n",
       "1  282.7395   6.7639       269.4503       296.0286      166.4710      399.0079\n",
       "2  282.7329   6.7610       269.4496       296.0162      166.4650      399.0007\n",
       "3  263.8322   7.2157       249.6555       278.0090      147.4590      380.2055\n",
       "4  263.8257   7.2129       249.6544       277.9969      147.4530      380.1983"
      ]
     },
     "execution_count": 33,
     "metadata": {},
     "output_type": "execute_result"
    }
   ],
   "source": [
    "predictive_values = ols_fitted.get_prediction(added_x)\n",
    "results = predictive_values.summary_frame(alpha=0.05).round(4)\n",
    "\n",
    "results.head()"
   ]
  },
  {
   "cell_type": "code",
   "execution_count": 34,
   "id": "c497ac78",
   "metadata": {},
   "outputs": [
    {
     "data": {
      "text/plain": [
       "<seaborn.axisgrid.FacetGrid at 0x1df7253ff90>"
      ]
     },
     "execution_count": 34,
     "metadata": {},
     "output_type": "execute_result"
    },
    {
     "data": {
